bump echo 50cf1f
nudge bravo 774886
cleanup juliet 62aa32
seed echo ad9b65
rework lattice 76a3af
