cleanup papa 40a29b
refactor victor f8aaf8
tune papa b309eb
nudge november a78120
tweak golf 4e7acf
