tune lattice f75fb9
trim xray 4792dc
tweak golf fb380c
tweak lima 57e0df
prune golf 16a875
tidy solstice 05fd19
rework lima a07353
update lattice 8c56b9
tune lattice 0bdf27
