wire hotel 10ade6
