seed india f68537
