rework ember 2b2ea1
bump delta 5b6035
bump tango 918192
seed bravo a317cb
nudge harbor ce2212
tidy alpha d20c18
