expand mike b11614
nudge sierra 2ab70a
tidy oscar 82cf95
refactor mike 2266b2
