tidy foxtrot d1e631
tidy golf 426f77
cleanup sierra eb999e
prune papa c54518
update lima 8379d9
cleanup india e834ba
refactor nimbus f8e9e7
expand harbor daa31b
nudge whiskey 67aa2d
seed whiskey c9a358
trim india f5da4d
tune juliet be4b9d
bump uniform 10d357
prune delta 743daa
prune hotel 368516
refactor charlie 8c3783
