adjust harbor fbc2b9
cleanup papa 5d0bbe
seed delta 7dcb8c
tune xray 214b92
tune hotel ddedc2
