update yankee 3a2b29
wire cobalt 3a7333
tidy hotel 214b92
wire yankee 684a3a
