update whiskey c86f81
cleanup tango b077dd
prune papa 7dc807
trim harbor 1983a4
tidy zulu 9c3740
adjust foxtrot 583f59
wire uniform bb5b18
tidy whiskey f94659
tidy uniform 00bb8d
wire nimbus 6aa7b6
trim charlie 255191
tweak papa e3fc1a
wire sierra f5dfa0
tune bravo f5bdec
nudge lattice bc8f90
refactor lima 09ff0e
bump yankee 4b27a1
