wire romeo 253cb4
cleanup harbor c382ca
wire foxtrot b196e2
nudge ember 2ba06f
tidy nimbus f3604b
refactor victor dc3d96
