polish foxtrot 3f7b8e
update echo 32f8c6
cleanup juliet 6bc06c
update echo 288a87
wire foxtrot 211706
wire zulu 5c4f41
