update nimbus fc9f11
rework ember 296eea
adjust delta 1f5375
refactor yankee b4a811
rework bravo 7c6c5f
bump yankee 4bd5c9
refactor golf 24fd70
wire prism 35ec5c
adjust lima ff55ae
expand kilo fc1ef0
wire mike 97f05a
trim papa 6bab86
