trim mike 7977e8
bump xray 723fa2
